5,1,9,8,6,12,3
15,11,9,18,6,24,1,9,8,36,12,1,9,48,42,72,6
20,11,9,18,6,22,121,9,33,36,12,88,9,48,42,72,11,91,18,66,24,11
20,101,9,18,16,22,121,19,33,36,72,88,9,48,42,72,11,91,108,66,24,9
20,11,95,18,6,22,121,9,30,36,15,88,9,45,42,70,11,90,108,60,24,5
25,17,85,18,6,34,121,9,30,102,51,187,119,45,42,70,101,90,108,160,124,1111,195,18,16,122,17
25,17,85,18,6,34,121,9,30,102,51,187,119,45,42,70,121,90,108,160,124,1211,195,18,16,122,2
25,16,84,18,6,34,121,9,30,102,51,187,119,45,24,72,3112,290,128,160,124,1221,195,18,16,122,4
25,23,84,18,46,34,121,9,30,102,161,184,115,406,204,69,112,207,128,160,124,1561,195,138,391,122,23
25,36,84,18,6,72,144,9,30,102,51,187,119,45,24,72,112,180,128,160,1332,324,396,18,108,122,36
